test_size: 0.3, accuracy: 0.9252278490827318
test_size: 0.3, accuracy: 0.955502792237468
test_size: 0.3, accuracy: 0.9458071526149927
test_size: 0.3, accuracy: 0.9425607120237128
